96 96
000000000000000000000000000000000000000000000000000000000000000000000000000000000000000000000100
000000000000000000000000000000000000000000000000000000000000000000000000000000000000000000000000
000000000000000000000000000000000000000000000000000000000000000000000000000000000000000000000001
000000000000000000000000000000000000000000000000000000000000000000000000000000000000000000000000
000000000000000000000000000000000000000000000000000000000000000000000000000000000000000000000000
000000000000000000000000000000000000000000002000000000000000030333330000000000000000000000000000
000000000000000000000000000002002202022000202000000000000000333333000000000000000000000000000000
000000000000000000000002220022220002000002202020000000000000330333300000000000000000000000000000
000000000000000000002020022000220022020220000002000000000003333333000000000000000000000000000000
000000000000000000202222022202002202202022202220200000000033003330000000000000000000000000000000
000000000000000000222002202200222222220202000220000000000333333330000000000000000000000000000000
000000000000000022002022202222202222220222202000020000000033333330000000000000000000000000000000
000000000000000000022202222222202222222202000000020000003003333300000000000000000000000000000000
000000000000000222022002222222202222220220222200200000033030333300000000000000000000000000000000
000000000000000000222022222222222222202202000200000003033333333330000000000000000000000000000000
000000000000000200022222222222222222220020002002000033030330033300000000000000000000000000000000
000000000000000222222222022222202022022022202220000033333333333330000000000000000000000000000000
000000000000022222222222220020222222220000222020000033333303333000000000000000000000000000000000
000000000002200022222222222222222220222020200000000033333303333000000000000000000000000000000000
000000000022000002222222220220202222220000002000000333333333333000000000000000000000000000000000
000000000022220202222222222000222200000222000000000333333033330000000000000000000000000000000000
000000000002200000022220022222022020220022000000000033333333330000000000000000000000000000000000
000000000000022220020202202002220000000000000000000333333333330000000000000000000000000000000000
000000000000002200220222002222202000020000000000000033333333300000000000000000000000000000000000
000000000000002000022220022000002222000000000000003333333333300000000000000000000000000000000000
000000000000000000000000000000000200000000000000033333333330000000000000000000000000000000000000
000000000000000000200220020222200000200000000003033333333300000000000000000000000000000000000000
000000000000002020020002022020022000222000000033033333333300000000000000000000000000000000000000
000000000000200200000002222202222222220000000300333333333000000000000000000000000000000000000000
000000000022200000000020220000220000020200033333333333300000000000000000000000000000000000000000
000000000000000000000022220022200000000202333333333333000000000000000000000000000000000000000000
000000000000000000002220222200000000000200333033333330000000000000000000000000000000000000000000
000000000000000000000222000000000000000000033333303330000000000000000000000000000000000000000000
000000000000000000000220000000000000330000033033033300000000000000000000000000000000000000000000
000000000000000000000000000000000000033322003333333000000000000000000000000000000000000000000000
000000000000000000000000000000003333333330000300030000000000000000000000000000000000000000000000
000000000000000000000000000000333333333033200000000000000000000000000000000000000000000000000000
000000000000000000000000003003330330333333220000000000000000000000000000000000000000000000000000
000000000000000000000000033333333333333300002000000000000000000000000000000000000000000000000000
000000000000000000000000033003333333330000000000000000000000000000000000000000000000000000000000
000000000000000000000000333333330003000000000000000000220000000000000000000000000000000000000000
000000000000000000003333333333033300000000000000000002200000000000000000000000000000000000000000
000000000000000000033333333330000000000000002220000200000000001100000000000000000000000000000000
000000000000000033030300300000000000000000000222220000000011111011111100000000000000000000000000
000000000000333333333030000000000000000000002002200200000010000000000010000000000000000000000000
000000003333333333333000000000000000000000022000200000000010111000000010000000000000000000000000
000033333333333333300000000000000000000000002022222000000010111000010010000000000000000000000000
003333333333330300000000000000000055555555000000022000000010111000010010000000000000000000000000
333330333003303000000000000000000055555005000002220001000010111000010011000000000000000000000000
333000000033300000000000000000000050000555000000000001100010111110011001000000000000000000000000
000000000000000000000000000000000000000005000000000001110110100010001001000000000000000000000000
000000000000000000000000000000000000000005000000000001110100100010001001000000000000000000000000
000000000000000000000055555555555500000005000000000001110100100011001001000000000000000000000000
000000000000000000000555050555550555500005000000000001110100100001001001000000000000000000000000
000000000000000000000000000000000000055505000000000001110110100001001001000000000000000000000000
000000000000000000000000000000000000000555000000000001110010510001001001000000000000000000000000
000000000000000000000000000000000000000000000000000001110000010001001001000000000000000000000000
000000000000000000000000000000000000000000000000000001110000010001111001000000000000000000000000
000000000000000000000000000000000000000000000000000001110011110001111001000000000000000000000000
000000000000000000000000000000000000000000000000000001111111110001111001100000000000000000000000
000000000000000000000000000000000000000000000000000001000000000000000000100000000000000000000000
000000000000000000000000000000000000000000000000000001000000000000000000100000000000000000000000
000000000000000000000000000000000000000000000000000000000000000000000001100000000000000000000000
000000000000000000000000000000000000000000000000000001111111111111111111000000000000000000000000
000000000000000000000000000000000000000000000000000000000000000000001100000000000000000000000000
000000000000000000000000000000000000000000000000000000000000000000000000000000000000000000000000
000000000000000000000000000000000000000000000000000000000000000000000000000000000000000000000000
000000000000000000000000000000000000000000000000000000000000000000000000000000000000000000000000
000000000000000000000000000000000000000000000000000000000000000000000000000000000000000000000000
000000000000000000000000000000000000000000000000000000000000000000000000000000000000000000000000
000000000000000000000000000000000000000000000000000000000000000000000000000000000000000000000000
000000000000000000000000000000000000000000000000000000000000000000000000000000000000000000000000
000000000000000000000000000000000000000000004000000000000000000000000000000000000000000000000000
000000000000000000000000000000000000000000004004000000000000000000000000000000000000000000000000
000000000000000000000000400000000000000000004004000000000000000000000000000000000000000000000000
000000000000000040000000400000000000000000004000000000000000000000000000000000000000000000000000
000000000000000440000000400000000000000000000004000000000000000000000000000000000000000000000000
000000000000000400000000400000000000000000004004000000044000000000000000000000000000000000000000
000000000000000400000000400004444400000000000000000000444400000000000000000000000000000000000000
000000000000000444404444400044000400000000004004000000400440000000000000000000000000000000000000
000000000000000400000000400040004000000000004004000000400040000000000000000000000000000000000000
000000000000000400000000400040044000000000004000400000400040000000000000000000000000000000000000
000000000000000400000000400044000004400000004000400000400040000000000000000000000000000000000000
000000000000000400000000400004444440000000004000400000440400000000000000000000000000000000000000
000000000000000000000000000000004400000000000000000000044000000000000000000000000000000000000000
000000000000000000000000000000000000000000000000000000000000000000000000000000000000000000000000
000000000000000000000000000000000000000000000000000000000000000000000000000000000000000000000000
000000000000000000000000000000000000000000000000000000000000000000000000000000000000000000000000
000000000000000000000000000000000000000000000000000000000000000000000000000000000000000000000000
000000000000000000000000000000000000000000000000000000000000000000000000000000000000000000000000
000000000000000000000000000000000000000000000000000000000000000000000000000000000000000000000000
000000000000000000000000000000000000000000000000000000000000000000000000000000000000000000000000
000000000000000000000000000000000000000000000000000000000000000000000000000000000000000000000000
100000000000000000000000000000000000000000000000000000000000000000000000000000000000000000000000
000000000000000000000000000000000000000000000000000000000000000000000000000000000000000000000000
001000000333333300000000000000000000000000000000000000000000000000000000000000000000000000000000
